$ANSIBLE_VAULT;1.1;AES256
61376161303630643463346239336534303662356638396231343562613361383762633438343362
6462666662626363653333343436653833333730383538650a616462336539383435366661613732
66363665363334653935653339393735333035613330346663323366623334356138386334336338
3732643633663237640a343764633263343838653532663433636131313865643562663836393964
34396634326166356338373362363935396438633839656335393864326461373036383431396239
35333466346131653761313532373165336561326332613632383639626363316130666263386665
63396530616365333034313937623966346661343131313439383630323332613538373765326435
31636566363436396430666431363766623061386139613762613565373935373738333731306438
63343763613035393163313437353636326332346632323233663166653232666363663566663935
32323834633039613333386633666538393162376233313738636264663634373937613562653566
663363373265303431633834636539373237
